0.00000000 1.00000000 0.00000000
0.10000000 0.99658583 0.00341417
0.20000000 0.99283351 0.00716649
0.30000000 0.98934314 0.01065686
0.40000000 0.98598347 0.01401653
0.50000000 0.98271623 0.01728377
0.60000000 0.97982123 0.02017877
0.70000000 0.97728641 0.02271359
0.80000000 0.97501902 0.02498098
0.90000000 0.97303864 0.02696136
1.00000000 0.97153561 0.02846439
1.10000000 0.97049057 0.02950943
1.20000000 0.97006656 0.02993344
1.30000000 0.97008876 0.02991124
1.40000000 0.97076778 0.02923222
1.50000000 0.97170302 0.02829698
1.60000000 0.97280183 0.02719817
1.70000000 0.97428646 0.02571354
1.80000000 0.97617350 0.02382650
1.90000000 0.97815533 0.02184467
2.00000000 0.98012369 0.01987631
2.10000000 0.98209137 0.01790863
2.20000000 0.98389769 0.01610231
2.30000000 0.98543611 0.01456389
2.40000000 0.98680757 0.01319243
2.50000000 0.98767204 0.01232796
2.60000000 0.98812829 0.01187171
2.70000000 0.98823217 0.01176783
2.80000000 0.98797679 0.01202321
2.90000000 0.98749846 0.01250154
3.00000000 0.98654305 0.01345695
3.10000000 0.98545576 0.01454424
3.20000000 0.98421857 0.01578143
3.30000000 0.98279710 0.01720290
3.40000000 0.98165556 0.01834444
3.50000000 0.98050834 0.01949166
3.60000000 0.97939773 0.02060227
3.70000000 0.97828676 0.02171324
3.80000000 0.97733855 0.02266145
3.90000000 0.97646631 0.02353369
4.00000000 0.97560989 0.02439011
4.10000000 0.97495291 0.02504709
4.20000000 0.97466458 0.02533542
4.30000000 0.97468766 0.02531234
4.40000000 0.97500838 0.02499162
4.50000000 0.97554655 0.02445345
4.60000000 0.97630197 0.02369803
4.70000000 0.97712295 0.02287705
4.80000000 0.97784974 0.02215026
4.90000000 0.97856641 0.02143359
5.00000000 0.97941875 0.02058125
5.10000000 0.98047842 0.01952158
5.20000000 0.98170068 0.01829932
5.30000000 0.98287630 0.01712370
5.40000000 0.98396212 0.01603788
5.50000000 0.98462174 0.01537826
5.60000000 0.98515692 0.01484308
5.70000000 0.98538835 0.01461165
5.80000000 0.98553005 0.01446995
5.90000000 0.98554100 0.01445900
6.00000000 0.98533777 0.01466223
6.10000000 0.98480604 0.01519396
6.20000000 0.98386937 0.01613063
6.30000000 0.98278878 0.01721122
6.40000000 0.98171778 0.01828222
6.50000000 0.98072885 0.01927115
6.60000000 0.97986600 0.02013400
6.70000000 0.97920645 0.02079355
6.80000000 0.97875022 0.02124978
6.90000000 0.97822805 0.02177195
7.00000000 0.97757491 0.02242509
7.10000000 0.97698519 0.02301481
7.20000000 0.97666377 0.02333623
7.30000000 0.97655181 0.02344819
7.40000000 0.97656012 0.02343988
7.50000000 0.97678712 0.02321288
7.60000000 0.97703745 0.02296255
7.70000000 0.97758999 0.02241001
7.80000000 0.97816773 0.02183227
7.90000000 0.97880710 0.02119290
8.00000000 0.97934694 0.02065306
8.10000000 0.98000902 0.01999098
8.20000000 0.98083337 0.01916663
8.30000000 0.98152399 0.01847601
8.40000000 0.98237048 0.01762952
8.50000000 0.98289614 0.01710386
8.60000000 0.98311200 0.01688800
8.70000000 0.98346342 0.01653658
8.80000000 0.98367278 0.01632722
8.90000000 0.98385724 0.01614276
9.00000000 0.98391954 0.01608046
9.10000000 0.98366773 0.01633227
9.20000000 0.98305522 0.01694478
9.30000000 0.98249798 0.01750202
9.40000000 0.98198931 0.01801069
9.50000000 0.98154855 0.01845145
9.60000000 0.98112853 0.01887147
9.70000000 0.98072167 0.01927833
9.80000000 0.98027917 0.01972083
9.90000000 0.97997141 0.02002859
10.00000000 0.97968414 0.02031586
10.10000000 0.97926673 0.02073327
10.20000000 0.97879405 0.02120595
10.30000000 0.97840018 0.02159982
10.40000000 0.97790812 0.02209188
10.50000000 0.97742304 0.02257696
10.60000000 0.97725140 0.02274860
10.70000000 0.97718884 0.02281116
10.80000000 0.97727031 0.02272969
10.90000000 0.97756380 0.02243620
11.00000000 0.97782761 0.02217239
11.10000000 0.97823378 0.02176622
11.20000000 0.97896829 0.02103171
11.30000000 0.97999218 0.02000782
11.40000000 0.98098643 0.01901357
11.50000000 0.98195206 0.01804794
11.60000000 0.98254434 0.01745566
11.70000000 0.98301874 0.01698126
11.80000000 0.98347526 0.01652474
11.90000000 0.98374531 0.01625469
12.00000000 0.98371882 0.01628118
12.10000000 0.98362842 0.01637158
12.20000000 0.98336894 0.01663106
12.30000000 0.98300719 0.01699281
12.40000000 0.98269005 0.01730995
12.50000000 0.98241763 0.01758237
12.60000000 0.98180776 0.01819224
12.70000000 0.98141054 0.01858946
12.80000000 0.98102693 0.01897307
12.90000000 0.98053035 0.01946965
13.00000000 0.97998998 0.02001002
13.10000000 0.97931973 0.02068027
13.20000000 0.97877634 0.02122366
13.30000000 0.97832045 0.02167955
13.40000000 0.97806320 0.02193680
13.50000000 0.97797106 0.02202894
13.60000000 0.97796691 0.02203309
13.70000000 0.97788514 0.02211486
13.80000000 0.97782223 0.02217777
13.90000000 0.97788066 0.02211934
14.00000000 0.97805349 0.02194651
14.10000000 0.97847500 0.02152500
14.20000000 0.97894955 0.02105045
14.30000000 0.97921616 0.02078384
14.40000000 0.97969536 0.02030464
14.50000000 0.98036409 0.01963591
14.60000000 0.98102768 0.01897232
14.70000000 0.98160488 0.01839512
14.80000000 0.98227084 0.01772916
14.90000000 0.98292308 0.01707692
15.00000000 0.98341224 0.01658776
15.10000000 0.98378241 0.01621759
15.20000000 0.98400161 0.01599839
15.30000000 0.98399063 0.01600937
15.40000000 0.98382609 0.01617391
15.50000000 0.98332426 0.01667574
15.60000000 0.98260917 0.01739083
15.70000000 0.98182858 0.01817142
15.80000000 0.98114431 0.01885569
15.90000000 0.98041903 0.01958097
16.00000000 0.97993520 0.02006480
16.10000000 0.97941919 0.02058081
16.20000000 0.97885042 0.02114958
16.30000000 0.97829240 0.02170760
16.40000000 0.97787052 0.02212948
16.50000000 0.97744689 0.02255311
16.60000000 0.97736351 0.02263649
16.70000000 0.97754969 0.02245031
16.80000000 0.97785340 0.02214660
16.90000000 0.97828881 0.02171119
17.00000000 0.97879939 0.02120061
17.10000000 0.97946653 0.02053347
17.20000000 0.98001680 0.01998320
17.30000000 0.98042449 0.01957551
17.40000000 0.98083568 0.01916432
17.50000000 0.98121977 0.01878023
17.60000000 0.98135177 0.01864823
17.70000000 0.98131968 0.01868032
17.80000000 0.98150703 0.01849297
17.90000000 0.98173454 0.01826546
18.00000000 0.98207098 0.01792902
18.10000000 0.98240688 0.01759312
18.20000000 0.98237965 0.01762035
18.30000000 0.98229249 0.01770751
18.40000000 0.98204539 0.01795461
18.50000000 0.98181050 0.01818950
18.60000000 0.98150943 0.01849057
18.70000000 0.98118494 0.01881506
18.80000000 0.98083119 0.01916881
18.90000000 0.98067064 0.01932936
19.00000000 0.98040510 0.01959490
19.10000000 0.98043560 0.01956440
19.20000000 0.98049228 0.01950772
19.30000000 0.98039977 0.01960023
19.40000000 0.98027310 0.01972690
19.50000000 0.98019575 0.01980425
19.60000000 0.98027115 0.01972885
19.70000000 0.98006372 0.01993628
19.80000000 0.97969987 0.02030013
19.90000000 0.97917063 0.02082937
20.00000000 0.97882197 0.02117803
20.10000000 0.97852811 0.02147189
20.20000000 0.97812988 0.02187012
20.30000000 0.97784062 0.02215938
20.40000000 0.97794236 0.02205764
20.50000000 0.97846617 0.02153383
20.60000000 0.97908897 0.02091103
20.70000000 0.97987159 0.02012841
20.80000000 0.98060992 0.01939008
20.90000000 0.98114306 0.01885694
21.00000000 0.98155151 0.01844849
21.10000000 0.98194854 0.01805146
21.20000000 0.98229514 0.01770486
21.30000000 0.98258818 0.01741182
21.40000000 0.98284777 0.01715223
21.50000000 0.98298306 0.01701694
21.60000000 0.98300841 0.01699159
21.70000000 0.98287949 0.01712051
21.80000000 0.98259610 0.01740390
21.90000000 0.98214821 0.01785179
22.00000000 0.98157578 0.01842422
22.10000000 0.98097101 0.01902899
22.20000000 0.98057925 0.01942075
22.30000000 0.98020856 0.01979144
22.40000000 0.97971217 0.02028783
22.50000000 0.97956023 0.02043977
22.60000000 0.97940641 0.02059359
22.70000000 0.97913996 0.02086004
22.80000000 0.97893092 0.02106908
22.90000000 0.97865926 0.02134074
23.00000000 0.97856507 0.02143493
23.10000000 0.97839940 0.02160060
23.20000000 0.97827181 0.02172819
23.30000000 0.97831608 0.02168392
23.40000000 0.97852388 0.02147612
23.50000000 0.97894072 0.02105928
23.60000000 0.97942599 0.02057401
23.70000000 0.97988922 0.02011078
23.80000000 0.98039849 0.01960151
23.90000000 0.98085256 0.01914744
24.00000000 0.98120571 0.01879429
24.10000000 0.98183259 0.01816741
24.20000000 0.98237854 0.01762146
24.30000000 0.98275893 0.01724107
24.40000000 0.98263294 0.01736706
24.50000000 0.98256612 0.01743388
24.60000000 0.98234832 0.01765168
24.70000000 0.98201568 0.01798432
24.80000000 0.98181083 0.01818917
24.90000000 0.98156533 0.01843467
25.00000000 0.98134868 0.01865132
25.10000000 0.98134905 0.01865095
25.20000000 0.98146454 0.01853546
25.30000000 0.98126249 0.01873751
25.40000000 0.98078279 0.01921721
25.50000000 0.98017303 0.01982697
25.60000000 0.97953061 0.02046939
25.70000000 0.97907515 0.02092485
25.80000000 0.97871131 0.02128869
25.90000000 0.97858419 0.02141581
26.00000000 0.97849262 0.02150738
26.10000000 0.97839856 0.02160144
26.20000000 0.97831442 0.02168558
26.30000000 0.97846530 0.02153470
26.40000000 0.97890988 0.02109012
26.50000000 0.97953094 0.02046906
26.60000000 0.98015121 0.01984879
26.70000000 0.98059504 0.01940496
26.80000000 0.98087830 0.01912170
26.90000000 0.98110034 0.01889966
27.00000000 0.98125295 0.01874705
27.10000000 0.98120294 0.01879706
27.20000000 0.98114794 0.01885206
27.30000000 0.98112028 0.01887972
27.40000000 0.98112690 0.01887310
27.50000000 0.98121387 0.01878613
27.60000000 0.98138784 0.01861216
27.70000000 0.98148625 0.01851375
27.80000000 0.98163037 0.01836963
27.90000000 0.98193422 0.01806578
28.00000000 0.98189377 0.01810623
28.10000000 0.98174430 0.01825570
28.20000000 0.98131003 0.01868997
28.30000000 0.98095754 0.01904246
28.40000000 0.98073169 0.01926831
28.50000000 0.98068121 0.01931879
28.60000000 0.98053988 0.01946012
28.70000000 0.98028469 0.01971531
28.80000000 0.98006519 0.01993481
28.90000000 0.98009381 0.01990619
29.00000000 0.97996519 0.02003481
29.10000000 0.97970377 0.02029623
29.20000000 0.97944594 0.02055406
29.30000000 0.97915552 0.02084448
29.40000000 0.97902769 0.02097231
29.50000000 0.97894528 0.02105472
29.60000000 0.97911856 0.02088144
29.70000000 0.97922339 0.02077661
29.80000000 0.97914270 0.02085730
29.90000000 0.97888441 0.02111559
30.00000000 0.97902230 0.02097770
30.10000000 0.97919295 0.02080705
30.20000000 0.97961386 0.02038614
30.30000000 0.98036585 0.01963415
30.40000000 0.98131450 0.01868550
30.50000000 0.98194276 0.01805724
30.60000000 0.98237214 0.01762786
30.70000000 0.98273439 0.01726561
30.80000000 0.98304947 0.01695053
30.90000000 0.98319594 0.01680406
31.00000000 0.98309366 0.01690634
31.10000000 0.98285837 0.01714163
31.20000000 0.98257237 0.01742763
31.30000000 0.98225633 0.01774367
31.40000000 0.98166213 0.01833787
31.50000000 0.98079085 0.01920915
31.60000000 0.98017962 0.01982038
31.70000000 0.97966185 0.02033815
31.80000000 0.97897978 0.02102022
31.90000000 0.97855252 0.02144748
32.00000000 0.97839359 0.02160641
32.10000000 0.97827609 0.02172391
32.20000000 0.97819790 0.02180210
32.30000000 0.97807006 0.02192994
32.40000000 0.97808217 0.02191783
32.50000000 0.97822044 0.02177956
32.60000000 0.97872819 0.02127181
32.70000000 0.97951417 0.02048583
32.80000000 0.98045719 0.01954281
32.90000000 0.98107247 0.01892753
33.00000000 0.98153682 0.01846318
33.10000000 0.98168663 0.01831337
33.20000000 0.98200952 0.01799048
33.30000000 0.98221323 0.01778677
33.40000000 0.98232422 0.01767578
33.50000000 0.98232116 0.01767884
33.60000000 0.98217970 0.01782030
33.70000000 0.98191771 0.01808229
33.80000000 0.98150678 0.01849322
33.90000000 0.98084165 0.01915835
34.00000000 0.98039989 0.01960011
34.10000000 0.98013087 0.01986913
34.20000000 0.97999672 0.02000328
34.30000000 0.97983172 0.02016828
34.40000000 0.97974378 0.02025622
34.50000000 0.97966383 0.02033617
34.60000000 0.97958852 0.02041148
34.70000000 0.97983778 0.02016222
34.80000000 0.98019181 0.01980819
34.90000000 0.98056324 0.01943676
35.00000000 0.98079830 0.01920170
35.10000000 0.98094954 0.01905046
35.20000000 0.98088269 0.01911731
35.30000000 0.98071808 0.01928192
35.40000000 0.98065839 0.01934161
35.50000000 0.98070916 0.01929084
35.60000000 0.98064411 0.01935589
35.70000000 0.98047336 0.01952664
35.80000000 0.98022858 0.01977142
35.90000000 0.98001046 0.01998954
36.00000000 0.97960080 0.02039920
36.10000000 0.97930301 0.02069699
36.20000000 0.97918123 0.02081877
36.30000000 0.97939482 0.02060518
36.40000000 0.97985569 0.02014431
36.50000000 0.98040858 0.01959142
36.60000000 0.98076279 0.01923721
36.70000000 0.98091147 0.01908853
36.80000000 0.98106253 0.01893747
36.90000000 0.98111204 0.01888796
37.00000000 0.98105957 0.01894043
37.10000000 0.98109691 0.01890309
37.20000000 0.98114182 0.01885818
37.30000000 0.98100718 0.01899282
37.40000000 0.98084176 0.01915824
37.50000000 0.98071405 0.01928595
37.60000000 0.98070919 0.01929081
37.70000000 0.98094236 0.01905764
37.80000000 0.98105065 0.01894935
37.90000000 0.98091532 0.01908468
38.00000000 0.98066863 0.01933137
38.10000000 0.98044740 0.01955260
38.20000000 0.98032091 0.01967909
38.30000000 0.98045709 0.01954291
38.40000000 0.98053287 0.01946713
38.50000000 0.98059019 0.01940981
38.60000000 0.98082207 0.01917793
38.70000000 0.98095950 0.01904050
38.80000000 0.98077987 0.01922013
38.90000000 0.98050357 0.01949643
39.00000000 0.98018173 0.01981827
39.10000000 0.97962866 0.02037134
39.20000000 0.97918991 0.02081009
39.30000000 0.97910826 0.02089174
39.40000000 0.97920037 0.02079963
39.50000000 0.97931954 0.02068046
39.60000000 0.97937789 0.02062211
39.70000000 0.97953938 0.02046062
39.80000000 0.97965269 0.02034731
39.90000000 0.97975513 0.02024487
40.00000000 0.98003487 0.01996513
40.10000000 0.98047737 0.01952263
40.20000000 0.98086483 0.01913517
40.30000000 0.98129157 0.01870843
40.40000000 0.98169243 0.01830757
40.50000000 0.98200234 0.01799766
40.60000000 0.98227652 0.01772348
40.70000000 0.98234779 0.01765221
40.80000000 0.98219416 0.01780584
40.90000000 0.98198389 0.01801611
41.00000000 0.98181176 0.01818824
41.10000000 0.98151095 0.01848905
41.20000000 0.98117375 0.01882625
41.30000000 0.98101149 0.01898851
41.40000000 0.98072525 0.01927475
41.50000000 0.98024075 0.01975925
41.60000000 0.97975301 0.02024699
41.70000000 0.97931118 0.02068882
41.80000000 0.97895053 0.02104947
41.90000000 0.97890702 0.02109298
42.00000000 0.97879006 0.02120994
42.10000000 0.97883740 0.02116260
42.20000000 0.97924653 0.02075347
42.30000000 0.97957960 0.02042040
42.40000000 0.98004505 0.01995495
42.50000000 0.98040958 0.01959042
42.60000000 0.98039460 0.01960540
42.70000000 0.98033004 0.01966996
42.80000000 0.98033641 0.01966359
42.90000000 0.98003949 0.01996051
43.00000000 0.97975087 0.02024913
43.10000000 0.97989345 0.02010655
43.20000000 0.98031686 0.01968314
43.30000000 0.98062932 0.01937068
43.40000000 0.98095348 0.01904652
43.50000000 0.98110554 0.01889446
43.60000000 0.98129373 0.01870627
43.70000000 0.98155706 0.01844294
43.80000000 0.98184438 0.01815562
43.90000000 0.98225493 0.01774507
44.00000000 0.98251015 0.01748985
44.10000000 0.98266823 0.01733177
44.20000000 0.98251261 0.01748739
44.30000000 0.98209211 0.01790789
44.40000000 0.98144544 0.01855456
44.50000000 0.98068564 0.01931436
44.60000000 0.98004210 0.01995790
44.70000000 0.97976263 0.02023737
44.80000000 0.97963457 0.02036543
44.90000000 0.97931659 0.02068341
45.00000000 0.97926807 0.02073193
45.10000000 0.97916536 0.02083464
45.20000000 0.97891074 0.02108926
45.30000000 0.97874199 0.02125801
45.40000000 0.97855941 0.02144059
45.50000000 0.97860936 0.02139064
45.60000000 0.97871164 0.02128836
45.70000000 0.97888368 0.02111632
45.80000000 0.97916492 0.02083508
45.90000000 0.97949536 0.02050464
46.00000000 0.97991645 0.02008355
46.10000000 0.98043402 0.01956598
46.20000000 0.98097582 0.01902418
46.30000000 0.98146380 0.01853620
46.40000000 0.98192935 0.01807065
46.50000000 0.98239867 0.01760133
46.60000000 0.98269128 0.01730872
46.70000000 0.98259757 0.01740243
46.80000000 0.98240057 0.01759943
46.90000000 0.98230093 0.01769907
47.00000000 0.98222957 0.01777043
47.10000000 0.98208238 0.01791762
47.20000000 0.98181759 0.01818241
47.30000000 0.98139435 0.01860565
47.40000000 0.98100296 0.01899704
47.50000000 0.98053123 0.01946877
47.60000000 0.98002115 0.01997885
47.70000000 0.97969369 0.02030631
47.80000000 0.97961737 0.02038263
47.90000000 0.97954803 0.02045197
48.00000000 0.97924875 0.02075125
48.10000000 0.97872673 0.02127327
48.20000000 0.97850106 0.02149894
48.30000000 0.97845676 0.02154324
48.40000000 0.97883063 0.02116937
48.50000000 0.97912201 0.02087799
48.60000000 0.97922952 0.02077048
48.70000000 0.97954390 0.02045610
48.80000000 0.97976717 0.02023283
48.90000000 0.97992211 0.02007789
49.00000000 0.98006224 0.01993776
49.10000000 0.98021847 0.01978153
49.20000000 0.98074641 0.01925359
49.30000000 0.98109864 0.01890136
49.40000000 0.98133734 0.01866266
49.50000000 0.98142649 0.01857351
49.60000000 0.98157288 0.01842712
49.70000000 0.98173298 0.01826702
49.80000000 0.98190907 0.01809093
49.90000000 0.98209013 0.01790987
50.00000000 0.98228184 0.01771816
