0.00000000 1.00000000 0.00000000
0.10000000 0.99135513 0.00864487
0.20000000 0.97450344 0.02549656
0.30000000 0.95766915 0.04233085
0.40000000 0.94225262 0.05774738
0.50000000 0.92833784 0.07166216
0.60000000 0.91610935 0.08389065
0.70000000 0.90565178 0.09434822
0.80000000 0.89703133 0.10296867
0.90000000 0.89040434 0.10959566
1.00000000 0.88568184 0.11431816
1.10000000 0.88297405 0.11702595
1.20000000 0.88193389 0.11806611
1.30000000 0.88250308 0.11749692
1.40000000 0.88492743 0.11507257
1.50000000 0.88833998 0.11166002
1.60000000 0.89276121 0.10723879
1.70000000 0.89808589 0.10191411
1.80000000 0.90406601 0.09593399
1.90000000 0.91063829 0.08936171
2.00000000 0.91712694 0.08287306
2.10000000 0.92338091 0.07661909
2.20000000 0.92975644 0.07024356
2.30000000 0.93620101 0.06379899
2.40000000 0.94186328 0.05813672
2.50000000 0.94649407 0.05350593
2.60000000 0.94944824 0.05055176
2.70000000 0.95087219 0.04912781
2.80000000 0.95115395 0.04884605
2.90000000 0.95020983 0.04979017
3.00000000 0.94822675 0.05177325
3.10000000 0.94531733 0.05468267
3.20000000 0.94151589 0.05848411
3.30000000 0.93709778 0.06290222
3.40000000 0.93223835 0.06776165
3.50000000 0.92699368 0.07300632
3.60000000 0.92158510 0.07841490
3.70000000 0.91641737 0.08358263
3.80000000 0.91155721 0.08844279
3.90000000 0.90719632 0.09280368
4.00000000 0.90327703 0.09672297
4.10000000 0.89983617 0.10016383
4.20000000 0.89748348 0.10251652
4.30000000 0.89617830 0.10382170
4.40000000 0.89594580 0.10405420
4.50000000 0.89705059 0.10294941
4.60000000 0.89901224 0.10098776
4.70000000 0.90194013 0.09805987
4.80000000 0.90578817 0.09421183
4.90000000 0.91036819 0.08963181
5.00000000 0.91518310 0.08481690
5.10000000 0.92011912 0.07988088
5.20000000 0.92509126 0.07490874
5.30000000 0.92975712 0.07024288
5.40000000 0.93368214 0.06631786
5.50000000 0.93669764 0.06330236
5.60000000 0.93929564 0.06070436
5.70000000 0.94149423 0.05850577
5.80000000 0.94284766 0.05715234
5.90000000 0.94337219 0.05662781
6.00000000 0.94267568 0.05732432
6.10000000 0.94111813 0.05888187
6.20000000 0.93883687 0.06116313
6.30000000 0.93576985 0.06423015
6.40000000 0.93229025 0.06770975
6.50000000 0.92854793 0.07145207
6.60000000 0.92471887 0.07528113
6.70000000 0.92092213 0.07907787
6.80000000 0.91724027 0.08275973
6.90000000 0.91382706 0.08617294
7.00000000 0.91072018 0.08927982
7.10000000 0.90768819 0.09231181
7.20000000 0.90520135 0.09479865
7.30000000 0.90337085 0.09662915
7.40000000 0.90228686 0.09771314
7.50000000 0.90230074 0.09769926
7.60000000 0.90324694 0.09675306
7.70000000 0.90455844 0.09544156
7.80000000 0.90619358 0.09380642
7.90000000 0.90836806 0.09163194
8.00000000 0.91127008 0.08872992
8.10000000 0.91481854 0.08518146
8.20000000 0.91892093 0.08107907
8.30000000 0.92327824 0.07672176
8.40000000 0.92750516 0.07249484
8.50000000 0.93130155 0.06869845
8.60000000 0.93459487 0.06540513
8.70000000 0.93737172 0.06262828
8.80000000 0.93950386 0.06049614
8.90000000 0.94075620 0.05924380
9.00000000 0.94065193 0.05934807
9.10000000 0.93942739 0.06057261
9.20000000 0.93745980 0.06254020
9.30000000 0.93484882 0.06515118
9.40000000 0.93206990 0.06793010
9.50000000 0.92923611 0.07076389
9.60000000 0.92598999 0.07401001
9.70000000 0.92251527 0.07748473
9.80000000 0.91937208 0.08062792
9.90000000 0.91668336 0.08331664
10.00000000 0.91437484 0.08562516
10.10000000 0.91246293 0.08753707
10.20000000 0.91060506 0.08939494
10.30000000 0.90903580 0.09096420
10.40000000 0.90798364 0.09201636
10.50000000 0.90742505 0.09257495
10.60000000 0.90733641 0.09266359
10.70000000 0.90760712 0.09239288
10.80000000 0.90841955 0.09158045
10.90000000 0.90990397 0.09009603
11.00000000 0.91209835 0.08790165
11.10000000 0.91456821 0.08543179
11.20000000 0.91693394 0.08306606
11.30000000 0.91906747 0.08093253
11.40000000 0.92114135 0.07885865
11.50000000 0.92362133 0.07637867
11.60000000 0.92655189 0.07344811
11.70000000 0.92963034 0.07036966
11.80000000 0.93252147 0.06747853
11.90000000 0.93508397 0.06491603
12.00000000 0.93691277 0.06308723
12.10000000 0.93736364 0.06263636
12.20000000 0.93664142 0.06335858
12.30000000 0.93499427 0.06500573
12.40000000 0.93303218 0.06696782
12.50000000 0.93106554 0.06893446
12.60000000 0.92894760 0.07105240
12.70000000 0.92665621 0.07334379
12.80000000 0.92440921 0.07559079
12.90000000 0.92232130 0.07767870
13.00000000 0.92022747 0.07977253
13.10000000 0.91791424 0.08208576
13.20000000 0.91550340 0.08449660
13.30000000 0.91301387 0.08698613
13.40000000 0.91071610 0.08928390
13.50000000 0.90908079 0.09091921
13.60000000 0.90815008 0.09184992
13.70000000 0.90785845 0.09214155
13.80000000 0.90793771 0.09206229
13.90000000 0.90855589 0.09144411
14.00000000 0.90989141 0.09010859
14.10000000 0.91155192 0.08844808
14.20000000 0.91352474 0.08647526
14.30000000 0.91617367 0.08382633
14.40000000 0.91931591 0.08068409
14.50000000 0.92231761 0.07768239
14.60000000 0.92526952 0.07473048
14.70000000 0.92792801 0.07207199
14.80000000 0.93030745 0.06969255
14.90000000 0.93239782 0.06760218
15.00000000 0.93399163 0.06600837
15.10000000 0.93488148 0.06511852
15.20000000 0.93481675 0.06518325
15.30000000 0.93409756 0.06590244
15.40000000 0.93282197 0.06717803
15.50000000 0.93131165 0.06868835
15.60000000 0.92964603 0.07035397
15.70000000 0.92755268 0.07244732
15.80000000 0.92528864 0.07471136
15.90000000 0.92293645 0.07706355
16.00000000 0.92045300 0.07954700
16.10000000 0.91807425 0.08192575
16.20000000 0.91600725 0.08399275
16.30000000 0.91413156 0.08586844
16.40000000 0.91268738 0.08731262
16.50000000 0.91212330 0.08787670
16.60000000 0.91195250 0.08804750
16.70000000 0.91219453 0.08780547
16.80000000 0.91262918 0.08737082
16.90000000 0.91347910 0.08652090
17.00000000 0.91468419 0.08531581
17.10000000 0.91583526 0.08416474
17.20000000 0.91667965 0.08332035
17.30000000 0.91773415 0.08226585
17.40000000 0.91908051 0.08091949
17.50000000 0.92017681 0.07982319
17.60000000 0.92111236 0.07888764
17.70000000 0.92213597 0.07786403
17.80000000 0.92342858 0.07657142
17.90000000 0.92470606 0.07529394
18.00000000 0.92593433 0.07406567
18.10000000 0.92706536 0.07293464
18.20000000 0.92789737 0.07210263
18.30000000 0.92847590 0.07152410
18.40000000 0.92887687 0.07112313
18.50000000 0.92906309 0.07093691
18.60000000 0.92916791 0.07083209
18.70000000 0.92911996 0.07088004
18.80000000 0.92852785 0.07147215
18.90000000 0.92769568 0.07230432
19.00000000 0.92680594 0.07319406
19.10000000 0.92543433 0.07456567
19.20000000 0.92386498 0.07613502
19.30000000 0.92219260 0.07780740
19.40000000 0.92029218 0.07970782
19.50000000 0.91831744 0.08168256
19.60000000 0.91660220 0.08339780
19.70000000 0.91481288 0.08518712
19.80000000 0.91318639 0.08681361
19.90000000 0.91218632 0.08781368
20.00000000 0.91183902 0.08816098
20.10000000 0.91214071 0.08785929
20.20000000 0.91267940 0.08732060
20.30000000 0.91335966 0.08664034
20.40000000 0.91449534 0.08550466
20.50000000 0.91608377 0.08391623
20.60000000 0.91798017 0.08201983
20.70000000 0.92001542 0.07998458
20.80000000 0.92180800 0.07819200
20.90000000 0.92331420 0.07668580
21.00000000 0.92468646 0.07531354
21.10000000 0.92576278 0.07423722
21.20000000 0.92670689 0.07329311
21.30000000 0.92771318 0.07228682
21.40000000 0.92855606 0.07144394
21.50000000 0.92905519 0.07094481
21.60000000 0.92914242 0.07085758
21.70000000 0.92887377 0.07112623
21.80000000 0.92856870 0.07143130
21.90000000 0.92783332 0.07216668
22.00000000 0.92655656 0.07344344
22.10000000 0.92531485 0.07468515
22.20000000 0.92413044 0.07586956
22.30000000 0.92279805 0.07720195
22.40000000 0.92164790 0.07835210
22.50000000 0.92057010 0.07942990
22.60000000 0.91938826 0.08061174
22.70000000 0.91851270 0.08148730
22.80000000 0.91784993 0.08215007
22.90000000 0.91722606 0.08277394
23.00000000 0.91698475 0.08301525
23.10000000 0.91705716 0.08294284
23.20000000 0.91712501 0.08287499
23.30000000 0.91686136 0.08313864
23.40000000 0.91622022 0.08377978
23.50000000 0.91547526 0.08452474
23.60000000 0.91503171 0.08496829
23.70000000 0.91494558 0.08505442
23.80000000 0.91506164 0.08493836
23.90000000 0.91560111 0.08439889
24.00000000 0.91666259 0.08333741
24.10000000 0.91828933 0.08171067
24.20000000 0.92033329 0.07966671
24.30000000 0.92229478 0.07770522
24.40000000 0.92410700 0.07589300
24.50000000 0.92608224 0.07391776
24.60000000 0.92810248 0.07189752
24.70000000 0.92964251 0.07035749
24.80000000 0.93048687 0.06951313
24.90000000 0.93102521 0.06897479
25.00000000 0.93126610 0.06873390
25.10000000 0.93104994 0.06895006
25.20000000 0.93024100 0.06975900
25.30000000 0.92898595 0.07101405
25.40000000 0.92749328 0.07250672
25.50000000 0.92605316 0.07394684
25.60000000 0.92453789 0.07546211
25.70000000 0.92263176 0.07736824
25.80000000 0.92043094 0.07956906
25.90000000 0.91836009 0.08163991
26.00000000 0.91664169 0.08335831
26.10000000 0.91515092 0.08484908
26.20000000 0.91392413 0.08607587
26.30000000 0.91300689 0.08699311
26.40000000 0.91206003 0.08793997
26.50000000 0.91138454 0.08861546
26.60000000 0.91124557 0.08875443
26.70000000 0.91150232 0.08849768
26.80000000 0.91231243 0.08768757
26.90000000 0.91366218 0.08633782
27.00000000 0.91530960 0.08469040
27.10000000 0.91719842 0.08280158
27.20000000 0.91969466 0.08030534
27.30000000 0.92251973 0.07748027
27.40000000 0.92480544 0.07519456
27.50000000 0.92656163 0.07343837
27.60000000 0.92836287 0.07163713
27.70000000 0.93004784 0.06995216
27.80000000 0.93106391 0.06893609
27.90000000 0.93112618 0.06887382
28.00000000 0.93062656 0.06937344
28.10000000 0.93006449 0.06993551
28.20000000 0.92961400 0.07038600
28.30000000 0.92919971 0.07080029
28.40000000 0.92875035 0.07124965
28.50000000 0.92794781 0.07205219
28.60000000 0.92667295 0.07332705
28.70000000 0.92510052 0.07489948
28.80000000 0.92340019 0.07659981
28.90000000 0.92152331 0.07847669
29.00000000 0.91954466 0.08045534
29.10000000 0.91770792 0.08229208
29.20000000 0.91593054 0.08406946
29.30000000 0.91428983 0.08571017
29.40000000 0.91302460 0.08697540
29.50000000 0.91166175 0.08833825
29.60000000 0.91061789 0.08938211
29.70000000 0.91005917 0.08994083
29.80000000 0.90998338 0.09001662
29.90000000 0.91026472 0.08973528
30.00000000 0.91143982 0.08856018
30.10000000 0.91352982 0.08647018
30.20000000 0.91619167 0.08380833
30.30000000 0.91913996 0.08086004
30.40000000 0.92201286 0.07798714
30.50000000 0.92460852 0.07539148
30.60000000 0.92688777 0.07311223
30.70000000 0.92877331 0.07122669
30.80000000 0.93050398 0.06949602
30.90000000 0.93180861 0.06819139
31.00000000 0.93226199 0.06773801
31.10000000 0.93218347 0.06781653
31.20000000 0.93174711 0.06825289
31.30000000 0.93133274 0.06866726
31.40000000 0.93080332 0.06919668
31.50000000 0.93004879 0.06995121
31.60000000 0.92896907 0.07103093
31.70000000 0.92764923 0.07235077
31.80000000 0.92588853 0.07411147
31.90000000 0.92351268 0.07648732
32.00000000 0.92076793 0.07923207
32.10000000 0.91816539 0.08183461
32.20000000 0.91600954 0.08399046
32.30000000 0.91399556 0.08600444
32.40000000 0.91208166 0.08791834
32.50000000 0.91075439 0.08924561
32.60000000 0.91002306 0.08997694
32.70000000 0.90965555 0.09034445
32.80000000 0.90956301 0.09043699
32.90000000 0.91007281 0.08992719
33.00000000 0.91127915 0.08872085
33.10000000 0.91313809 0.08686191
33.20000000 0.91526393 0.08473607
33.30000000 0.91744844 0.08255156
33.40000000 0.91965321 0.08034679
33.50000000 0.92172424 0.07827576
33.60000000 0.92400907 0.07599093
33.70000000 0.92666170 0.07333830
33.80000000 0.92934136 0.07065864
33.90000000 0.93124917 0.06875083
34.00000000 0.93234522 0.06765478
34.10000000 0.93288815 0.06711185
34.20000000 0.93281053 0.06718947
34.30000000 0.93257780 0.06742220
34.40000000 0.93199615 0.06800385
34.50000000 0.93094171 0.06905829
34.60000000 0.92950144 0.07049856
34.70000000 0.92783553 0.07216447
34.80000000 0.92602782 0.07397218
34.90000000 0.92424284 0.07575716
35.00000000 0.92261756 0.07738244
35.10000000 0.92066549 0.07933451
35.20000000 0.91843325 0.08156675
35.30000000 0.91607393 0.08392607
35.40000000 0.91364704 0.08635296
35.50000000 0.91161185 0.08838815
35.60000000 0.91036157 0.08963843
35.70000000 0.90975833 0.09024167
35.80000000 0.90972559 0.09027441
35.90000000 0.91002438 0.08997562
36.00000000 0.91084473 0.08915527
36.10000000 0.91210392 0.08789608
36.20000000 0.91372505 0.08627495
36.30000000 0.91589782 0.08410218
36.40000000 0.91853921 0.08146079
36.50000000 0.92119479 0.07880521
36.60000000 0.92369249 0.07630751
36.70000000 0.92562265 0.07437735
36.80000000 0.92701405 0.07298595
36.90000000 0.92837072 0.07162928
37.00000000 0.92952727 0.07047273
37.10000000 0.93012733 0.06987267
37.20000000 0.93042003 0.06957997
37.30000000 0.93084708 0.06915292
37.40000000 0.93114736 0.06885264
37.50000000 0.93110528 0.06889472
37.60000000 0.93087155 0.06912845
37.70000000 0.93010941 0.06989059
37.80000000 0.92889896 0.07110104
37.90000000 0.92737876 0.07262124
38.00000000 0.92552365 0.07447635
38.10000000 0.92326135 0.07673865
38.20000000 0.92073491 0.07926509
38.30000000 0.91841697 0.08158303
38.40000000 0.91620273 0.08379727
38.50000000 0.91405853 0.08594147
38.60000000 0.91198813 0.08801187
38.70000000 0.91026633 0.08973367
38.80000000 0.90922459 0.09077541
38.90000000 0.90903424 0.09096576
39.00000000 0.90981116 0.09018884
39.10000000 0.91113806 0.08886194
39.20000000 0.91270716 0.08729284
39.30000000 0.91437266 0.08562734
39.40000000 0.91626394 0.08373606
39.50000000 0.91845638 0.08154362
39.60000000 0.92065144 0.07934856
39.70000000 0.92276491 0.07723509
39.80000000 0.92492256 0.07507744
39.90000000 0.92700186 0.07299814
40.00000000 0.92886209 0.07113791
40.10000000 0.93020086 0.06979914
40.20000000 0.93119021 0.06880979
40.30000000 0.93176410 0.06823590
40.40000000 0.93182021 0.06817979
40.50000000 0.93149530 0.06850470
40.60000000 0.93104960 0.06895040
40.70000000 0.93038458 0.06961542
40.80000000 0.92953457 0.07046543
40.90000000 0.92823168 0.07176832
41.00000000 0.92604442 0.07395558
41.10000000 0.92332737 0.07667263
41.20000000 0.92061138 0.07938862
41.30000000 0.91817494 0.08182506
41.40000000 0.91628116 0.08371884
41.50000000 0.91474148 0.08525852
41.60000000 0.91351890 0.08648110
41.70000000 0.91261135 0.08738865
41.80000000 0.91210341 0.08789659
41.90000000 0.91215211 0.08784789
42.00000000 0.91260991 0.08739009
42.10000000 0.91349519 0.08650481
42.20000000 0.91454901 0.08545099
42.30000000 0.91559292 0.08440708
42.40000000 0.91640950 0.08359050
42.50000000 0.91732038 0.08267962
42.60000000 0.91866540 0.08133460
42.70000000 0.92025248 0.07974752
42.80000000 0.92185656 0.07814344
42.90000000 0.92317183 0.07682817
43.00000000 0.92438813 0.07561187
43.10000000 0.92555127 0.07444873
43.20000000 0.92663738 0.07336262
43.30000000 0.92780979 0.07219021
43.40000000 0.92914868 0.07085132
43.50000000 0.93036951 0.06963049
43.60000000 0.93095790 0.06904210
43.70000000 0.93102530 0.06897470
43.80000000 0.93066411 0.06933589
43.90000000 0.92980146 0.07019854
44.00000000 0.92850169 0.07149831
44.10000000 0.92710090 0.07289910
44.20000000 0.92547109 0.07452891
44.30000000 0.92318419 0.07681581
44.40000000 0.92074937 0.07925063
44.50000000 0.91846438 0.08153562
44.60000000 0.91666345 0.08333655
44.70000000 0.91537047 0.08462953
44.80000000 0.91413464 0.08586536
44.90000000 0.91309376 0.08690624
45.00000000 0.91232336 0.08767664
45.10000000 0.91173675 0.08826325
45.20000000 0.91159330 0.08840670
45.30000000 0.91204278 0.08795722
45.40000000 0.91295015 0.08704985
45.50000000 0.91396045 0.08603955
45.60000000 0.91535742 0.08464258
45.70000000 0.91707273 0.08292727
45.80000000 0.91898962 0.08101038
45.90000000 0.92098473 0.07901527
46.00000000 0.92335553 0.07664447
46.10000000 0.92606106 0.07393894
46.20000000 0.92822508 0.07177492
46.30000000 0.92972110 0.07027890
46.40000000 0.93086734 0.06913266
46.50000000 0.93174523 0.06825477
46.60000000 0.93184366 0.06815634
46.70000000 0.93139572 0.06860428
46.80000000 0.93055597 0.06944403
46.90000000 0.92910305 0.07089695
47.00000000 0.92739315 0.07260685
47.10000000 0.92582540 0.07417460
47.20000000 0.92438842 0.07561158
47.30000000 0.92280476 0.07719524
47.40000000 0.92109699 0.07890301
47.50000000 0.91942159 0.08057841
47.60000000 0.91793649 0.08206351
47.70000000 0.91665550 0.08334450
47.80000000 0.91553467 0.08446533
47.90000000 0.91467619 0.08532381
48.00000000 0.91422228 0.08577772
48.10000000 0.91416453 0.08583547
48.20000000 0.91442786 0.08557214
48.30000000 0.91481812 0.08518188
48.40000000 0.91526731 0.08473269
48.50000000 0.91584680 0.08415320
48.60000000 0.91667156 0.08332844
48.70000000 0.91749219 0.08250781
48.80000000 0.91823475 0.08176525
48.90000000 0.91889808 0.08110192
49.00000000 0.91988028 0.08011972
49.10000000 0.92097941 0.07902059
49.20000000 0.92214630 0.07785370
49.30000000 0.92336920 0.07663080
49.40000000 0.92494777 0.07505223
49.50000000 0.92691420 0.07308580
49.60000000 0.92875302 0.07124698
49.70000000 0.93022943 0.06977057
49.80000000 0.93166208 0.06833792
49.90000000 0.93257890 0.06742110
50.00000000 0.93237939 0.06762061
