0.00000000 0.00000000
0.10000000 0.00996616
0.20000000 0.03946076
0.30000000 0.08728851
0.40000000 0.15151119
0.50000000 0.22952614
0.60000000 0.31817178
0.70000000 0.41385571
0.80000000 0.51270030
0.90000000 0.61069985
1.00000000 0.70388287
1.10000000 0.78847310
1.20000000 0.86104249
1.30000000 0.91865013
1.40000000 0.95896146
1.50000000 0.98034284
1.60000000 0.98192778
1.70000000 0.96365205
1.80000000 0.92625629
1.90000000 0.87125596
2.00000000 0.80087999
2.10000000 0.71798038
2.20000000 0.62591667
2.30000000 0.52841977
2.40000000 0.42944079
2.50000000 0.33299088
2.60000000 0.24297871
2.70000000 0.16305206
2.80000000 0.09644998
2.90000000 0.04587156
3.00000000 0.01336649
3.10000000 0.00025206
3.20000000 0.00705973
3.30000000 0.03351363
3.40000000 0.07854169
3.50000000 0.14031915
3.60000000 0.21634244
3.70000000 0.30353069
3.80000000 0.39835057
3.90000000 0.49695946
4.00000000 0.59536121
4.10000000 0.68956804
4.20000000 0.77576220
4.30000000 0.85045062
4.40000000 0.91060654
4.50000000 0.95379211
4.60000000 0.97825722
4.70000000 0.98301042
4.80000000 0.96785907
4.90000000 0.93341720
5.00000000 0.88108057
5.10000000 0.81297014
5.20000000 0.73184612
5.30000000 0.64099608
5.40000000 0.54410176
5.50000000 0.44508983
5.60000000 0.34797280
5.70000000 0.25668635
5.80000000 0.17492992
5.90000000 0.10601671
6.00000000 0.05273945
6.10000000 0.01725723
6.20000000 0.00100797
6.30000000 0.00465018
6.40000000 0.02803626
6.50000000 0.07021849
6.60000000 0.12948740
6.70000000 0.20344111
6.80000000 0.28908261
6.90000000 0.38294125
7.00000000 0.48121338
7.10000000 0.57991647
7.20000000 0.67505056
7.30000000 0.76276029
7.40000000 0.83949120
7.50000000 0.90213374
7.60000000 0.94814929
7.70000000 0.97567306
7.80000000 0.98358964
7.90000000 0.97157821
8.00000000 0.94012553
8.10000000 0.89050623
8.20000000 0.82473116
8.30000000 0.74546587
8.40000000 0.65592262
8.50000000 0.55973019
8.60000000 0.46078680
8.70000000 0.36310218
8.80000000 0.27063502
8.90000000 0.18713260
9.00000000 0.11597889
9.10000000 0.06005740
9.20000000 0.02163439
9.30000000 0.00226696
9.40000000 0.00273998
9.50000000 0.02303427
9.60000000 0.06232742
9.70000000 0.11902705
9.80000000 0.19083538
9.90000000 0.27484235
10.00000000 0.36764356
10.10000000 0.46547820
10.20000000 0.56438148
10.30000000 0.66034531
10.40000000 0.74948072
10.50000000 0.82817547
10.60000000 0.89324042
10.70000000 0.94203880
10.80000000 0.97259302
10.90000000 0.98366487
11.00000000 0.97480566
11.10000000 0.94637440
11.20000000 0.89952330
11.30000000 0.83615099
11.40000000 0.75882568
11.50000000 0.67068100
11.60000000 0.57528904
11.70000000 0.47651560
11.80000000 0.37836351
11.90000000 0.28481042
12.00000000 0.19964760
12.10000000 0.12632631
12.20000000 0.06781792
12.30000000 0.02649350
12.40000000 0.00402774
12.50000000 0.00133108
12.60000000 0.01851279
12.70000000 0.05487659
12.80000000 0.10894881
12.90000000 0.17853816
13.00000000 0.26082451
13.10000000 0.35247317
13.20000000 0.44977004
13.30000000 0.54877214
13.40000000 0.64546736
13.50000000 0.73593709
13.60000000 0.81651503
13.70000000 0.88393571
13.80000000 0.93546689
13.90000000 0.96902024
14.00000000 0.98323601
14.10000000 0.97753810
14.20000000 0.95215742
14.30000000 0.90812252
14.40000000 0.84721794
14.50000000 0.77191186
14.60000000 0.68525609
14.70000000 0.59076238
14.80000000 0.49226012
14.90000000 0.39374116
15.00000000 0.29919802
15.10000000 0.21246208
15.20000000 0.13704837
15.30000000 0.07601303
15.40000000 0.03182956
15.50000000 0.00628850
15.60000000 0.00042492
15.70000000 0.01447644
15.80000000 0.04787362
15.90000000 0.09926302
16.00000000 0.16656207
16.10000000 0.24704346
16.20000000 0.33744563
16.30000000 0.43410501
16.40000000 0.53310445
16.50000000 0.63043196
16.60000000 0.72214329
16.70000000 0.80452182
16.80000000 0.87422913
16.90000000 0.92844029
17.00000000 0.96495839
17.10000000 0.98230352
17.20000000 0.97977275
17.30000000 0.95746864
17.40000000 0.91629509
17.50000000 0.85792065
17.60000000 0.78471099
17.70000000 0.69963294
17.80000000 0.60613433
17.90000000 0.50800422
18.00000000 0.40921937
18.10000000 0.31378307
18.20000000 0.22556292
18.30000000 0.14813407
18.40000000 0.08463435
18.50000000 0.03763711
18.60000000 0.00904694
18.70000000 0.00002245
18.80000000 0.01092937
18.90000000 0.04132570
19.00000000 0.08997961
19.10000000 0.15491938
19.20000000 0.23351331
19.30000000 0.32257634
19.40000000 0.41849917
19.50000000 0.51739448
19.60000000 0.61525451
19.70000000 0.70811345
19.80000000 0.79220814
19.90000000 0.86413063
20.00000000 0.92096622
20.10000000 0.96041163
20.20000000 0.98086833
20.30000000 0.98150730
20.40000000 0.96230264
20.50000000 0.92403262
20.60000000 0.86824817
20.70000000 0.79720995
20.80000000 0.71379683
20.90000000 0.62138914
21.00000000 0.52373175
21.10000000 0.42478226
21.20000000 0.32855063
21.30000000 0.23893668
21.40000000 0.15957206
21.50000000 0.09367304
21.60000000 0.04391020
21.70000000 0.01230021
21.80000000 0.00012407
21.90000000 0.00787522
22.00000000 0.03523954
22.10000000 0.08110809
22.20000000 0.14362202
22.30000000 0.22024794
22.40000000 0.30788055
22.50000000 0.40296850
22.60000000 0.50165833
22.70000000 0.59995059
22.80000000 0.69386195
22.90000000 0.77958661
23.00000000 0.85365056
23.10000000 0.91305233
23.20000000 0.95538463
23.30000000 0.97893193
23.40000000 0.98273998
23.50000000 0.96665444
23.60000000 0.93132720
23.70000000 0.87818989
23.80000000 0.80939594
23.90000000 0.72773323
24.00000000 0.63651119
24.10000000 0.53942661
24.20000000 0.44041389
24.30000000 0.34348556
24.40000000 0.25256966
24.50000000 0.17135061
24.60000000 0.10311983
24.70000000 0.05064240
24.80000000 0.01604499
24.90000000 0.00072967
25.00000000 0.00531710
25.10000000 0.02962137
25.20000000 0.07265755
25.30000000 0.13268157
25.40000000 0.20726094
25.50000000 0.29337331
25.60000000 0.38752893
25.70000000 0.48591212
25.80000000 0.58453586
25.90000000 0.67940339
26.00000000 0.76667017
26.10000000 0.84279967
26.20000000 0.90470673
26.30000000 0.94988253
26.40000000 0.97649630
26.50000000 0.98346953
26.60000000 0.97051960
26.70000000 0.93817133
26.80000000 0.88773564
26.90000000 0.82125646
27.00000000 0.74142787
27.10000000 0.65148496
27.20000000 0.55507270
27.30000000 0.45609824
27.40000000 0.35857255
27.50000000 0.26644789
27.60000000 0.18345765
27.70000000 0.11296504
27.80000000 0.05782681
27.90000000 0.02027744
28.00000000 0.00183864
28.10000000 0.00325764
28.20000000 0.02447696
28.30000000 0.06463665
28.40000000 0.12210924
28.50000000 0.19456563
28.60000000 0.27906949
28.70000000 0.37219628
28.80000000 0.47017200
28.90000000 0.56902614
29.00000000 0.66475261
29.10000000 0.75347205
29.20000000 0.83158908
29.30000000 0.89593797
29.40000000 0.94391097
29.50000000 0.97356394
29.60000000 0.98369520
29.70000000 0.97389416
29.80000000 0.94455802
29.90000000 0.89687563
30.00000000 0.83277935
30.10000000 0.75486670
30.20000000 0.66629512
30.30000000 0.57065400
30.40000000 0.47181923
30.50000000 0.37379614
30.60000000 0.28055713
30.70000000 0.19588077
30.80000000 0.12319859
30.90000000 0.06545605
31.00000000 0.02499321
31.10000000 0.00344983
31.20000000 0.00169896
31.30000000 0.01981157
31.40000000 0.05705362
31.50000000 0.11191587
31.60000000 0.18217501
31.70000000 0.26498376
31.80000000 0.35698627
31.90000000 0.45445409
32.00000000 0.55343732
32.10000000 0.64992461
32.20000000 0.74000579
32.30000000 0.82003028
32.40000000 0.88675505
32.50000000 0.93747608
32.60000000 0.97013785
32.70000000 0.98341675
32.80000000 0.97677464
32.90000000 0.95048070
33.00000000 0.90560050
33.10000000 0.84395282
33.20000000 0.76803596
33.30000000 0.68092648
33.40000000 0.58615452
33.50000000 0.48756075
33.60000000 0.38914072
33.70000000 0.29488294
33.80000000 0.20860724
33.90000000 0.13380997
34.00000000 0.07352233
34.10000000 0.03018749
34.20000000 0.00556160
34.30000000 0.00064265
34.40000000 0.01562998
34.50000000 0.04991622
34.60000000 0.10211190
34.70000000 0.17010179
34.80000000 0.25113055
34.90000000 0.34191448
35.00000000 0.43877451
35.10000000 0.53778537
35.20000000 0.63493459
35.30000000 0.72628517
35.40000000 0.80813510
35.50000000 0.87716738
35.60000000 0.93058444
35.70000000 0.96622154
35.80000000 0.98263448
35.90000000 0.97915811
36.00000000 0.95593332
36.10000000 0.91390129
36.20000000 0.85476540
36.30000000 0.78092214
36.40000000 0.69536404
36.50000000 0.60155838
36.60000000 0.50330666
36.70000000 0.40459057
36.80000000 0.30941062
36.90000000 0.22162401
37.00000000 0.14478833
37.10000000 0.08201736
37.20000000 0.03585493
37.30000000 0.00817179
37.40000000 0.00008980
37.50000000 0.01193649
37.60000000 0.04323178
37.70000000 0.09270739
37.80000000 0.15835833
37.90000000 0.23752406
38.00000000 0.32699636
38.10000000 0.42314933
38.20000000 0.52208633
38.30000000 0.61979792
38.40000000 0.71232428
38.50000000 0.79591576
38.60000000 0.86718478
38.70000000 0.92324313
38.80000000 0.96181903
38.90000000 0.98134918
39.00000000 0.98104212
39.10000000 0.96091027
39.20000000 0.92176951
39.30000000 0.86520601
39.40000000 0.79351204
39.50000000 0.70959301
39.60000000 0.61684979
39.70000000 0.51904083
39.80000000 0.42012986
39.90000000 0.32412529
40.00000000 0.23491775
40.10000000 0.15612239
40.20000000 0.09093244
40.30000000 0.04198974
40.40000000 0.01127771
40.50000000 0.00004097
40.60000000 0.00873488
40.70000000 0.03700713
40.80000000 0.08371198
40.90000000 0.14695668
41.00000000 0.22417824
41.10000000 0.31224720
41.20000000 0.40759455
41.30000000 0.50635631
41.40000000 0.60453010
41.50000000 0.69813741
41.60000000 0.78338476
41.70000000 0.85681748
41.80000000 0.91545967
41.90000000 0.95693483
42.00000000 0.97956218
42.10000000 0.98242473
42.20000000 0.96540647
42.30000000 0.92919708
42.40000000 0.87526395
42.50000000 0.80579275
42.60000000 0.72359881
42.70000000 0.63201309
42.80000000 0.53474712
42.90000000 0.43574265
43.00000000 0.33901186
43.10000000 0.24847482
43.20000000 0.16780056
43.30000000 0.10025844
43.40000000 0.04858563
43.50000000 0.01487619
43.60000000 0.00049620
43.70000000 0.00602843
43.80000000 0.03124868
43.90000000 0.07513488
44.00000000 0.13590853
44.10000000 0.21110676
44.20000000 0.29768212
44.30000000 0.39212614
44.40000000 0.49061141
44.50000000 0.58914679
44.60000000 0.68373911
44.70000000 0.77055496
44.80000000 0.84607611
44.90000000 0.90724203
45.00000000 0.95157395
45.10000000 0.97727530
45.20000000 0.98330453
45.30000000 0.96941730
45.40000000 0.93617640
45.50000000 0.88492892
45.60000000 0.81775168
45.70000000 0.73736708
45.80000000 0.64703273
45.90000000 0.55040945
46.00000000 0.45141294
46.10000000 0.35405508
46.20000000 0.26228133
46.30000000 0.17981085
46.40000000 0.10998579
46.50000000 0.05563583
46.60000000 0.01896353
46.70000000 0.00145505
46.80000000 0.00381992
46.90000000 0.02596230
47.00000000 0.06698488
47.10000000 0.12522519
47.20000000 0.19832302
47.30000000 0.28331606
47.40000000 0.37675993
47.50000000 0.47486778
47.60000000 0.57366376
47.70000000 0.66914413
47.80000000 0.75743950
47.90000000 0.83497168
48.00000000 0.89859863
48.10000000 0.94574187
48.20000000 0.97449089
48.30000000 0.98368062
48.40000000 0.97293865
48.50000000 0.94270031
48.60000000 0.89419100
48.70000000 0.82937659
48.80000000 0.75088371
48.90000000 0.66189331
49.00000000 0.56601175
49.10000000 0.46712468
49.20000000 0.36923953
49.30000000 0.27632314
49.40000000 0.19214096
49.50000000 0.12010452
49.60000000 0.06313312
49.70000000 0.02353555
49.80000000 0.00291651
49.90000000 0.00211160
50.00000000 0.02115343
